0 0
8 5
14 12
24 10
28 19
31 28
39 34
49 34
56 27
28 0
65 30
22 33
68 39
18 39
66 49
3 14
15 48
78 40
34 18
71 57
68 67
88 39
62 75
75 27
57 55
53 80
97 36
77 70
47 59
65 58
40 19
44 85
12 58
42 43
38 91
37 2
79 80
40 34
38 64
28 89
27 40
82 77
29 24
3 24
85 68
37 25
88 64
23 49
81 19
91 22
8 29
25 42
69 17
72 7
85 88
87 67
82 21
44 63
45 47
90 82
67 28
7 7
44 31
56 28
5 48
3 9
30 28
18 92
98 79
99 85
21 38
52 56
11 48
19 9
46 10
91 15
89 97
22 86
82 31
14 34
79 70
95 61
47 96
60 48
30 12
34 3
2 38
59 14
39 79
75 86
41 66
53 83
17 76
69 51
59 35
86 38
7 79
0 8
32 12
56 62
76 42
65 79
33 77
45 72
56 20
10 49
86 64
84 56
92 5
7 51
40 45
41 98
79 93
6 11
6 14
73 34
57 90
13 90
67 58
14 75
78 24
76 17
40 60
73 32
65 32
83 58
78 77
8 9
70 66
20 76
80 45
63 37
35 76
79 55
87 45
30 65
22 59
34 62
19 7
47 37
92 82
47 70
59 55
31 30
73 51
58 53
48 21
43 35
98 74
90 85
20 73
2 42
32 37
56 4
96 3
40 88
86 39
10 45
46 41
27 19
44 86
73 92
7 68
28 57
42 18
42 62
91 97
0 0
100 100
